utils/source function/p1990i15.ascii
ncols         1440
nrows         572
xllcorner     -180
yllcorner     -58.000000000011
cellsize      0.250002
NODATA_value  -9999
[rows 244 to 304 of 572, columns 864 to 959 of 1440]
0 0 0 0 0 0 0 30 279 3587 5814 5814 5814 5814 5814 5814 5814 5814 5814 5814 5814 5814 6053 13395 6392 6391 6391 6391 6391 6391 6391 6391 6391 6391 6391 6391 6391 6391 6354 5861 6391 6391 6391 6308 5172 6391 6391 6391 6391 2413 1295 1295 1295 1295 1295 1295 1295 1295 1295 1295 1295 1115 3029 7140 1758 6821 9514 9514 9514 9514 9320 8505 9393 9514 9514 9514 9514 9601 15281 10931 2817 2700 9091 14010 7923 19032 11881 1083 0 0 0 0 0 0 0 0
0 0 0 0 0 0 0 0 13 319 5116 5825 5825 5825 5825 5825 5825 5825 5825 5825 5825 6037 9306 15670 10589 6403 6403 6403 6403 6403 6403 6403 6403 6403 6403 6403 6403 6403 6403 5823 6403 6403 6403 6403 6403 6403 6403 6403 6403 2344 1298 1298 1298 1298 1298 1298 1298 1298 1298 1298 1298 1298 1101 4581 4539 9532 9532 9532 9532 9532 9532 9532 9532 9532 9532 9532 9532 9157 4943 1320 1320 2347 2708 7267 10040 39649 53971 49652 96448 186506 141261 164 0 0 0 0
0 0 0 0 0 0 0 0 0 0 4558 12952 6838 5837 5837 5837 5837 3300 5356 5837 5837 12285 15827 15827 14058 6415 6415 6415 6415 6415 6415 6415 6415 6415 6415 6415 6415 6415 6415 5285 6223 6415 6415 6415 6415 6415 6415 6415 6395 1579 1300 1300 1282 1235 1300 1300 1300 1300 1300 1300 1300 1300 1105 2270 6420 9551 9551 9551 9551 9551 9551 9551 9551 9551 9551 9551 9551 5621 1323 1385 2078 2864 3017 2679 3371 17647 15304 9537 22463 41160 72772 4215 0 0 0 0
0 0 0 0 0 0 0 0 0 0 552 14147 14465 11912 9834 10588 5848 5832 5769 5848 7056 12783 15856 15029 15821 8107 6427 6427 6427 6427 6427 6427 6427 6427 6427 6427 6427 6427 6427 4973 5227 5942 6427 6427 6427 6427 6427 6427 5925 1302 1302 1302 1275 1139 1302 1302 1302 1302 1302 1302 1302 1302 1276 1085 9290 9569 9569 9569 9569 9569 9569 9569 9569 9569 9569 9569 9320 2116 2064 2859 3023 2995 3010 2422 2383 12874 21731 10403 13086 8856 7494 7313 934 0 0 0
0 0 0 0 0 0 0 0 0 0 0 5673 15870 15886 15886 12727 5928 5858 5499 8003 14781 15886 15886 11899 15886 14668 12989 12171 6547 6439 6439 6439 6439 6439 6439 6439 6439 6439 6439 6427 5864 6439 6439 6439 6439 6439 6439 6439 5261 1305 1305 1305 1305 1305 1305 1305 1305 1305 1305 1305 1305 1305 1305 1285 1946 3333 4720 6108 7497 8885 9586 9586 9586 9586 9586 9586 8680 2853 3029 2720 2792 2810 2482 3676 6885 16830 14979 9065 9009 5486 4874 5651 7872 935 0 0
406 33 0 0 0 0 0 0 0 0 0 140 13176 15915 15915 15915 8774 9249 9678 11625 15350 15915 15915 15915 15915 15915 15915 15556 7726 7952 6451 6451 6451 6451 6451 6451 6451 6451 6451 6451 6451 6451 6451 6451 6451 6451 6451 6451 4596 1307 1307 1307 1307 1307 1307 1307 1307 1307 1307 1307 1307 1307 1307 1307 1307 1307 1307 1307 1307 1307 1996 3385 4775 6166 7557 8947 5750 2854 2959 2195 3034 2596 3706 6962 7348 3726 2976 4355 5392 4637 3761 847 4586 17063 6050 602
643 465 55 0 0 0 0 0 0 0 0 28 10741 15944 15944 15944 15789 15944 15944 15758 15944 15944 15944 15944 15944 15944 15944 15944 15944 14693 6463 6463 6463 6463 6463 6463 6463 6463 5766 6454 6463 6463 6463 6463 6463 6463 6463 6463 3927 1310 1310 1310 1310 1310 1310 1310 1310 1310 1310 1310 1310 1310 1310 1310 1310 1310 1310 1310 1310 1310 1310 1310 1310 1310 1310 1311 1312 1827 3039 3032 2836 2886 4881 2254 778 547 464 2415 5402 4947 1601 780 2203 4967 22592 6734
644 644 570 163 0 0 0 0 0 0 0 195 13659 15972 15972 15972 15972 15972 15972 15972 15972 15972 15972 15972 15972 15972 15972 15972 15972 15413 6492 6474 6474 6474 6474 6474 6474 6474 5938 6474 6474 6474 6474 6474 6474 6474 6474 6474 3256 1312 1312 1312 1312 1312 1312 1312 1312 1312 1312 1312 1312 1312 1312 1312 1312 1312 1312 1312 1312 1312 1312 1312 1312 1312 1312 1312 1312 1308 2397 2813 2899 2127 507 512 548 548 461 1244 5361 4258 781 781 4009 12269 7978 450
645 645 645 317 0 0 0 0 0 0 0 980 14981 16001 16001 16001 16001 16001 16001 16001 16001 16001 16001 16001 16001 16001 16001 16001 16001 14750 6581 6486 6486 6486 6486 6486 6486 6486 6486 6486 6486 6486 6486 6486 6486 6486 6486 6486 2586 1314 1314 1314 1314 1314 1314 1314 1314 1314 1314 1314 1314 1314 1314 1314 1314 1314 1314 1314 1314 1314 1314 1314 1314 1314 1314 1314 1314 1155 702 813 394 162 316 518 549 549 549 459 4775 3559 782 782 6986 8790 3091 0
647 647 647 428 0 0 0 0 0 0 0 0 9529 16029 16029 16029 16029 16029 16029 16029 16029 16029 16029 16029 16029 16029 16029 16029 16029 13340 6497 6497 6497 6497 6497 6497 6497 6497 6497 6497 6497 6497 6497 6497 6497 6497 6497 6497 1936 1317 1317 1317 1317 1317 1317 1317 1317 1317 1317 1317 1317 1317 1317 1317 1317 1317 1317 1317 1317 1317 1317 1317 1284 1041 1018 1312 1317 1145 196 3 58 120 164 180 329 502 550 516 2827 2880 784 1243 8684 6730 0 0
648 648 648 633 132 0 0 0 0 0 0 0 6228 16056 16056 16056 16056 16056 16056 16056 16056 16056 16056 16056 16056 16056 16056 16056 16056 12688 6508 6508 6508 6508 6508 6508 6508 6508 6508 6508 6508 6508 6508 6508 6508 6508 6508 6390 1385 1319 1319 1319 1319 1319 1319 1319 1319 1319 1319 1319 1319 1319 1319 1319 1319 1319 1319 1319 1319 1319 1319 1298 901 717 524 1003 1319 1126 163 67 97 144 164 164 164 171 303 482 934 1522 785 1021 3682 1326 0 0
649 649 649 649 371 47 0 0 0 0 0 0 3117 15885 16084 16084 16084 16084 16084 16084 16084 16084 16084 16084 16084 16084 16084 16084 16084 16047 9170 6519 6519 6519 6519 6519 6519 6519 6519 6519 6519 6519 6519 6519 6519 6519 6519 5719 1321 1321 1321 1321 1321 1321 1321 1321 1321 1321 1321 1321 1321 1321 1321 1321 1321 1321 1321 1321 1321 1321 1321 1118 594 403 424 658 1316 730 164 164 149 164 164 164 164 164 158 155 310 993 786 513 7 0 0 0
650 650 650 650 413 24 0 0 0 0 0 0 0 8188 16111 16111 16111 16111 16111 16111 16111 18497 16111 16111 16111 16111 16111 16019 15799 15758 14747 8440 6530 6530 6530 6530 6530 6530 6530 6530 6530 6530 6530 6516 6530 6530 6530 4960 1323 1323 1323 1323 1323 1323 1323 1323 1323 1323 1323 1323 1323 1323 1323 1323 1323 1323 1323 1323 1323 1323 1323 1286 1014 587 551 1299 1323 241 156 165 165 165 165 165 165 165 142 80 165 164 313 57 0 0 0 0
677 658 651 651 538 0 0 0 0 0 0 0 0 149 12575 16137 16137 16137 16137 16137 21267 116832 63555 89234 19887 16136 15765 15362 15296 15296 15296 14293 7420 6541 6541 6541 6541 6541 6541 6541 6541 6541 5690 6407 6541 6541 6541 4213 1326 1326 1326 1326 1326 1326 1326 1326 1326 1326 1326 1326 1326 1326 1326 1326 1326 1326 1326 1326 1326 1326 1322 1087 925 863 1195 1326 1103 6 72 165 165 165 165 165 165 164 93 117 124 162 68 2228 0 0 0 0
740 729 655 652 521 0 0 0 0 0 0 0 0 42 2127 12654 15460 16164 16164 16164 42084 138181 138505 132390 22462 15630 15321 15321 15321 15321 15321 14656 7120 6552 6552 6552 6552 6552 6552 5465 4300 5280 6393 6552 6552 6552 6552 3515 1328 1328 1328 1328 1328 1328 1328 1328 1328 1328 1328 1328 1328 1328 1328 1328 1328 1328 1328 1328 1328 1328 1212 812 737 1224 1328 1328 663 6 7 128 165 165 165 165 165 152 146 135 21 86 2446 2117 0 0 0 0
741 741 696 700 588 0 0 0 0 0 0 0 0 0 0 0 2362 12209 16190 80681 133216 138729 138729 59198 15346 15346 15346 15346 15346 15346 15346 13587 6616 6563 6563 6563 6563 6563 6563 6563 6563 6563 6563 6563 6563 6563 6563 2805 1330 1330 1330 1330 1330 1330 1330 1330 1330 1330 1330 1330 1330 1330 1330 1330 1330 1330 1330 1330 1330 1330 1316 1142 1294 1330 1330 1185 224 6 6 32 161 165 165 165 165 125 165 50 0 0 815 0 0 0 0 0
742 742 742 742 690 15 0 0 0 0 0 0 0 0 0 0 93 79 10330 40424 138950 138671 116575 20185 15370 15370 15370 15370 15370 15370 15370 15370 10464 6573 6573 6573 6573 6573 6573 6573 6573 6573 6573 6573 6573 6573 6573 2114 1332 1332 1332 1332 1332 1332 1332 1332 1332 1332 1332 1332 1332 1332 1332 1332 1332 1332 1332 1332 1332 1332 1332 1332 1331 1086 602 98 6 6 6 6 86 166 166 166 166 152 152 13 0 0 0 0 0 0 0 0
743 743 743 743 7464 1570 0 0 0 0 0 0 0 0 0 0 0 0 270 24729 135963 101934 16241 15725 15394 15394 15394 15394 15394 15394 15394 15394 15376 11026 6616 6583 6583 6583 6583 6583 6583 6583 6583 6583 6583 6583 6420 1485 1334 1334 1334 1334 1334 1334 1334 1334 1334 1334 1334 1334 1334 1334 1334 1334 1334 1334 1334 1334 1334 1333 1074 634 195 6 6 6 6 6 6 6 10 140 166 166 166 162 113 0 0 0 0 0 0 0 0 0
744 744 744 744 53523 34923 0 0 0 0 0 0 0 0 0 0 0 0 0 2194 44390 45643 16266 15830 15418 15418 15418 15418 15418 15418 15418 15418 15418 14380 3443 5395 6359 6444 6036 5648 5282 4830 4412 4012 3420 2759 1901 1336 1336 1336 1336 1336 1336 1336 1336 1336 1336 1336 1336 1336 1336 1336 1336 1336 1336 1336 1335 1091 658 192 6 6 6 6 6 6 6 6 6 6 6 36 165 166 166 166 161 2 0 0 0 0 0 0 0 0
2089 5363 7622 7640 80526 64924 0 0 0 0 0 0 0 0 0 0 0 0 0 67 9973 16047 15555 15471 15442 15442 15442 15442 15442 15442 15442 15442 15442 8600 1799 1799 1799 1799 1799 1799 1799 1799 1799 1799 1799 1799 1683 1338 1338 1338 1338 1338 1338 1338 1338 1338 1338 1338 1338 1338 1338 1338 1338 1338 1116 687 268 94 94 80 35 6 6 6 6 6 6 6 6 6 4 4 59 109 149 167 166 26 0 0 0 0 0 0 0 0
12308 13833 13833 13833 48735 43892 431 20 65 0 0 0 0 0 0 0 0 0 0 0 4299 16006 15557 15465 15465 15465 15465 15465 15465 15465 15465 15465 15360 7736 1802 1802 1802 1802 1802 1802 1802 1802 1802 1802 1802 1802 1627 1340 1340 1340 1340 1340 1340 1340 1340 1340 1340 1340 1340 1293 1056 807 559 339 94 94 94 94 94 94 94 77 32 6 6 6 6 5 6 6 5 6 6 5 3 25 38 6 0 0 0 0 0 0 0 0
6517 12106 12127 10993 9024 7571 6704 2686 0 0 0 0 0 0 0 0 0 0 0 0 1110 13127 16328 15561 15488 15488 15488 15488 15488 15488 15488 14823 3852 1804 1804 1804 1804 1804 1804 1804 1804 1804 1804 1804 1804 1804 1569 1342 1342 1342 1342 1342 1342 1342 1342 1210 947 683 424 214 192 192 262 228 94 94 89 94 94 94 94 94 94 75 29 6 6 6 6 5 6 6 5 0 0 0 0 0 0 0 0 0 0 0 0 0
1278 1278 1482 9661 8628 7583 7730 8429 2751 87 0 0 0 0 0 0 0 0 0 0 66 2823 16376 22210 15511 15511 15511 15511 15511 15511 14436 4295 1807 1807 1807 1807 1807 1807 1807 1807 1807 1807 1807 1807 1807 1807 1511 1344 1344 1344 1344 1136 865 596 329 192 192 192 192 192 192 195 307 298 125 80 91 95 95 95 95 95 95 95 95 137 260 65 6 6 6 6 3 0 0 0 0 0 0 0 0 0 0 0 0 0
1291 1280 1280 1315 6703 7594 8729 9460 9158 5581 729 0 0 0 0 0 0 0 0 0 0 46 26002 39473 18531 15533 15533 15704 15533 15533 10280 1810 1810 1810 1810 1810 1810 1810 1810 1810 1810 1810 1810 1810 1810 1810 1452 1346 1346 1346 749 156 193 193 193 193 193 161 193 193 193 210 309 309 237 67 94 95 95 95 95 95 95 95 95 278 357 186 6 6 6 6 1 0 0 0 0 0 0 0 0 0 0 0 0 0
2498 1611 1615 2474 7160 7605 8943 9474 9474 10404 7753 0 0 0 0 0 0 0 0 0 0 29 4570 37755 42533 32126 17663 40122 17885 15555 10730 1812 1812 1812 1812 1812 1812 1812 1812 1812 1812 1812 1812 1812 1812 1812 1394 1348 1348 826 86 175 193 193 193 193 193 189 193 193 193 202 309 309 262 196 95 95 95 95 95 95 95 95 123 353 357 271 3 2 2 1 0 0 0 0 0 0 0 0 0 0 0 0 0 0
2634 2634 2634 2784 7568 7615 9158 9561 10453 12949 13908 3014 0 0 0 0 0 0 0 0 0 0 0 1039 27004 47807 41657 47807 40640 15350 10373 1815 1815 1815 1815 1815 1815 1815 1815 1815 1815 1815 1815 1815 1815 1803 1353 1350 911 92 126 193 193 193 193 193 193 193 193 193 193 212 309 309 290 305 139 95 95 95 95 95 95 770 2458 401 350 84 0 855 2392 153 0 0 0 0 0 0 0 0 0 0 0 0 0 0
2638 2638 2638 3107 7626 7618 7008 7416 14021 14063 14063 9789 0 0 0 0 0 0 0 0 0 0 0 0 5 36286 47873 47873 46631 37405 11015 4571 3404 3253 2039 1817 1817 1817 1817 1817 1817 1817 1817 1817 1817 1757 1352 985 109 81 154 193 193 193 193 193 193 193 193 193 193 264 310 310 310 310 274 380 1240 2118 3190 4433 4350 3669 3546 1470 353 31 159 990 912 53 0 0 0 0 0 0 0 0 0 0 0 0 0 0
11937 9390 6267 4858 6686 6335 4332 5777 14082 14082 14082 13553 448 0 0 0 0 0 0 0 0 0 264 595 0 18811 47117 47938 44574 23946 28918 14669 4795 5469 5875 5041 1987 1820 1820 1820 1820 1820 1820 1820 1820 1708 1071 134 81 81 155 194 194 194 194 194 194 194 194 194 236 309 310 310 310 310 1114 10065 10167 10167 10167 10167 8288 3302 3200 2926 233 1 0 0 0 0 0 0 0 0 0 0 0 0 0 0 0 0 0 0
17567 17349 16101 18344 4704 4333 4333 4414 7446 14101 14101 14101 4272 0 0 0 0 0 0 0 0 0 4544 16783 3624 190 31260 48002 51989 54320 55468 29639 6689 12869 13263 7249 3717 2722 1879 1822 1822 1822 1822 1822 1822 1432 172 82 82 82 146 194 194 194 194 194 194 194 194 243 302 311 311 311 311 311 390 5127 10181 10101 8766 4229 243 0 119 434 0 0 0 0 0 0 0 0 0 0 0 0 0 0 0 0 0 0 0 0
11292 16943 18577 13990 3310 4339 4339 4339 10100 14119 14118 14119 8122 0 0 0 575 0 0 0 0 0 605 7402 12728 58 6600 48024 43533 31767 37283 14092 21222 37935 40880 4114 3894 3894 3642 2599 1846 1825 1825 1825 1609 262 82 82 82 120 191 194 194 194 194 754 3381 973 282 311 311 311 311 311 400 799 852 639 2823 574 0 0 0 0 0 0 0 0 0 0 0 0 0 0 0 0 0 0 0 0 0 0 0 0 0 0
15044 14192 18602 15155 3597 4545 6001 15289 40946 14117 14097 14100 11426 0 0 565 56 0 0 0 0 0 0 245 596 2188 36 26345 35762 52316 26646 25884 12005 28855 24912 3513 3896 3899 3899 3899 3544 2144 1827 1691 348 82 82 82 376 2388 1460 801 3272 5785 6570 6875 6876 2664 312 312 312 312 312 312 312 296 62 0 0 0 0 0 0 0 0 0 0 0 0 0 0 0 0 0 0 0 0 0 0 0 0 0 0 0 0 0
18626 14250 18457 10330 2960 4905 6988 15501 43901 25762 17742 19050 20848 809 0 134 1912 0 0 0 0 0 0 0 0 616 0 14409 32697 162616 100176 82774 44241 22137 19387 11257 2604 2904 3765 3720 3652 2407 1757 467 82 82 82 82 2088 5617 6406 6884 6884 6884 6884 6884 6857 1527 676 737 697 518 312 312 258 2 0 0 0 0 0 0 0 0 0 0 0 0 0 0 0 0 0 0 0 0 0 0 0 0 0 0 0 0 0 0
18649 18649 18452 5034 2963 4106 6996 6996 10779 39530 38553 32829 22856 8485 197 524 2105 77 0 0 0 0 0 0 0 0 342 31349 51120 133301 118909 86402 72208 27139 9178 3846 2239 1892 3049 3508 3508 2348 587 82 82 82 105 797 5204 5624 5887 6877 6893 6893 6893 6893 6406 1331 1087 1131 1175 1177 934 670 360 0 0 0 0 0 0 0 0 0 0 0 0 0 0 0 0 0 0 0 0 0 0 0 0 0 0 0 0 0 0 0
18672 18672 15171 4594 2967 3244 7005 7005 7277 30408 41771 94376 22915 18760 383 960 4363 2531 0 0 0 0 0 384 0 1902 6399 36549 58338 49123 176448 121280 87651 42781 12268 5911 4734 3573 3487 3512 3520 1935 899 1065 1241 1264 1419 4136 5904 5958 5856 6832 6568 6321 6381 6882 6390 1582 1086 1086 1112 1172 1180 1143 677 0 0 0 0 0 0 0 0 0 0 0 0 0 0 0 0 0 0 0 0 0 0 0 0 0 0 0 0 0 0 0
18694 18694 11703 7048 4220 7017 9747 7272 17345 29693 166585 190259 76261 16177 11378 2601 490 65 0 0 0 0 0 0 0 238 2784 35894 72472 99941 76566 98014 59443 829526 32576 42420 12466 5119 4126 4581 7606 5739 1474 1474 1474 1474 2603 5680 6211 6223 6226 5946 5653 5653 5653 5991 5950 3368 2775 1087 1087 1050 662 124 0 0 0 0 0 0 0 0 0 0 0 0 0 0 0 0 0 0 0 0 0 0 0 0 0 0 0 0 0 0 0 0
18802 16956 7676 7403 7403 17716 21051 18151 22005 44487 166506 177658 112585 58042 28833 7079 1534 421 13 0 0 0 0 0 346 0 2177 30083 45021 42998 60273 50045 41889 42198 28098 27515 20807 8014 9147 9160 9147 9088 3469 1476 1476 1476 2458 6095 6231 6231 6231 6027 5659 6183 5659 5659 5659 5573 4454 781 367 62 0 0 0 0 0 0 0 0 0 0 0 0 0 0 0 0 0 0 0 0 0 0 0 0 0 0 0 0 0 0 0 0 0 0
19971 17574 7715 7586 7412 17000 18055 21261 38463 37073 35660 60769 25058 37877 34852 23309 3845 3227 2689 28 0 0 0 0 0 0 0 120216 167627 71179 50293 50944 54781 54894 34225 30107 8334 8720 11426 9158 9121 8905 8639 5696 1786 1478 1499 5782 5982 5895 8995 18326 17350 18980 6735 4123 3463 957 0 0 0 0 0 0 0 0 0 0 0 0 0 0 0 0 0 0 0 0 0 0 0 0 0 0 0 0 0 0 0 0 0 0 0 0 0 0
14128 18579 7829 7761 7698 8995 14056 30714 29749 34381 35201 42539 46261 21435 23985 21368 10766 3961 4089 3686 2290 85 0 0 0 0 0 9730 36134 61486 98448 97156 90291 75611 65504 41766 22543 16930 23821 7905 8107 8524 8568 12233 7769 3283 3208 3702 4682 4861 10457 19230 17393 8377 694 0 0 0 0 0 0 0 0 0 0 0 0 0 0 0 0 0 0 0 0 0 0 0 0 0 0 0 0 0 0 0 0 0 0 0 0 0 0 0 0 0
7421 9088 7446 7296 6747 9822 18584 31896 28308 33525 65815 117481 112611 49233 51643 54711 53224 11044 4114 4521 4521 2311 0 0 0 0 0 594 47644 60789 63068 118254 97003 101355 88902 37035 33597 30442 17182 11346 9063 8420 8533 11831 11080 6274 3627 3627 3938 4416 8033 17519 1205 0 0 0 0 0 0 0 0 0 0 0 0 0 0 0 0 0 0 0 0 0 0 0 0 0 0 0 0 0 0 0 0 0 0 0 0 0 0 0 0 0 0 0
7430 7408 5933 5795 6080 7569 26253 32216 29207 29651 74684 101668 126398 67986 51803 54301 38788 12205 10599 8217 4421 3992 1020 0 0 0 3221 2124 43890 70803 58660 62716 205171 183080 111748 35875 20748 21652 54250 23786 11052 7804 8008 8907 9351 6187 3631 3451 3269 3522 3384 1179 0 0 0 0 0 0 0 0 0 0 0 0 0 0 0 0 0 0 0 0 0 0 0 0 0 0 0 0 0 0 0 0 0 0 0 0 0 0 0 0 0 0 0 0
7438 7253 5802 6971 10287 10682 15713 29971 28775 49536 77833 94942 90268 31343 16189 14714 15608 15608 15608 15428 6921 3868 3529 1934 45 0 3441 4249 9826 53589 106093 218351 311780 131047 58855 45723 49862 69505 28214 21794 12822 7976 8603 8656 7147 3635 2334 500 83 60 0 0 0 0 0 0 0 0 0 0 0 0 0 0 0 0 0 0 0 0 0 0 0 0 0 0 0 0 0 0 0 0 0 0 0 0 0 0 0 0 0 0 0 0 0 0
7446 8333 10265 11182 10760 10703 11008 28833 57714 59788 51748 55005 49864 16718 15515 15421 15668 15624 15624 15624 13698 5077 3874 3901 2480 213 5301 612 0 19009 67923 316086 227919 63360 42767 43220 52037 34105 20424 20351 13824 9688 9772 9071 6125 1391 12 0 0 0 0 0 0 0 0 0 0 0 0 0 0 0 0 0 0 0 0 0 0 0 0 0 0 0 0 0 0 0 0 0 0 0 0 0 0 0 0 0 0 0 0 0 0 0 0 0
7460 9605 12967 13275 13245 13274 21474 14678 16129 18827 25818 54503 45383 16664 16695 16716 16752 16605 15983 16128 16555 16238 8731 3933 3933 1522 0 0 243 19437 32737 200352 220422 94820 15775 27588 31941 16851 8048 4399 3283 3369 2786 557 0 0 0 0 0 0 0 0 0 0 0 0 0 0 0 0 0 0 0 0 0 0 0 0 0 0 0 0 0 0 0 0 0 0 0 0 0 0 0 0 0 0 0 0 0 0 0 0 0 0 0 0
7921 10184 11613 20817 20008 21920 36455 21157 17781 22943 28322 52228 31899 15391 13665 16713 16735 17230 17252 17252 17252 17252 17243 7848 3937 3476 1967 49 22 3942 14381 75135 91491 32682 14816 15104 15602 6804 237 0 0 0 0 0 0 0 0 0 0 0 0 0 0 0 0 0 0 0 0 0 0 0 0 0 0 0 0 0 0 0 0 0 0 0 0 0 0 0 0 0 0 0 0 0 0 0 0 0 0 0 0 0 0 0 0 0
6883 8441 12754 28995 29420 22524 50905 50261 25502 22993 19497 19127 13453 12452 12086 13071 13782 14318 15180 16341 17051 13845 8189 3540 3815 4192 4340 1780 655 276 6784 8904 8904 10663 63090 127439 140307 0 0 0 0 0 0 0 0 0 0 0 0 0 0 0 0 0 0 0 0 0 0 0 0 0 0 0 0 0 0 0 0 0 0 0 0 0 0 0 0 0 0 0 0 0 0 0 0 0 0 0 0 0 0 0 0 0 0 0
4189 3740 12571 48633 53244 66084 74473 52099 37896 27063 18931 17133 26059 39413 15256 12078 12274 12513 12500 13024 5691 3215 3215 3215 3243 4181 4403 3473 1344 392 1125 3725 4450 2704 604 5250 0 0 0 0 0 0 0 0 0 0 0 0 0 0 0 0 0 0 0 0 0 0 0 0 0 0 0 0 0 0 0 0 0 2054 4467 3059 4021 1963 41 0 0 0 0 0 0 0 0 0 0 0 0 0 0 0 0 0 0 0 0 0
4192 4132 3979 28365 89515 109709 87370 57894 41750 39729 19275 17650 24767 56774 16261 13439 16349 16778 17990 19354 3332 3262 3218 3218 3218 3719 4047 2436 1886 365 0 0 0 0 0 0 0 0 0 0 0 0 0 0 0 0 0 0 0 0 0 0 0 0 0 0 0 0 0 0 0 0 0 0 0 0 0 0 0 591 4090 4263 3130 776 0 0 0 0 0 0 0 0 0 0 0 0 0 0 0 0 0 0 0 0 0 0
4194 4671 11517 18661 13156 5141 63687 84872 52222 55732 40727 34744 43323 97516 23112 22672 24072 23977 20975 10404 3335 3330 3233 3221 3471 4023 4023 3026 2201 854 0 0 0 0 0 0 0 0 0 0 0 0 0 0 0 0 0 0 0 0 0 0 0 0 0 0 0 0 0 0 0 0 0 0 543 490 0 17 309 62 0 0 0 0 0 0 0 0 0 0 0 0 0 0 0 0 0 0 0 0 0 0 0 0 0 0
4265 16871 27184 33694 26525 13494 87258 122919 146504 93380 64529 48537 57417 105316 77888 37399 25217 25218 21882 10722 3338 9178 8197 3207 3564 4027 4027 3652 1160 133 0 0 0 0 0 0 0 0 0 0 0 0 0 0 0 0 0 0 0 0 0 0 0 0 0 0 0 0 3513 4412 2612 197 0 0 0 0 0 0 0 0 0 0 0 0 0 0 0 0 0 0 0 0 0 0 0 0 0 0 0 0 0 0 0 0 0 0
10588 27208 39924 54527 86956 78181 75866 95007 94109 74423 67829 86133 96886 76627 43433 42648 37729 18485 8223 2889 3340 7689 15672 6882 3071 3452 2920 117177 106792 8 0 0 0 0 0 0 0 0 0 0 0 0 0 0 0 0 0 0 0 0 0 0 0 0 0 14 293 2830 5673 5674 4667 24 0 0 0 0 0 0 0 0 0 0 0 0 0 0 0 0 0 0 0 0 0 0 0 0 0 0 0 0 0 0 0 0 0 0
2740 28911 53748 57236 89562 108674 97878 85457 80608 68525 70209 83296 90298 113486 134853 105603 34458 2093 2082 2082 2687 3917 16318 6331 3074 3074 4409 79493 103219 4134 2 0 0 0 0 0 0 0 0 0 0 0 0 0 0 0 0 0 0 371 1234 256 531 1718 2557 2006 2204 3730 4928 4735 1835 0 0 0 0 0 0 0 0 0 0 0 0 0 0 0 0 0 0 0 0 0 0 0 0 0 0 0 0 0 0 0 0 0 0 0
4010 29311 52414 72532 90852 107958 110218 88178 76448 70283 71529 65447 71062 148736 186032 118328 42255 2318 4740 3590 2087 3177 8172 2285 3076 3126 6836 13382 7753 6395 1887 0 0 0 0 0 0 0 0 0 0 0 0 0 500 2049 1706 1811 2932 4983 5197 5067 4989 4989 4713 2361 2206 3126 4124 4124 2052 0 0 0 0 0 0 0 0 0 0 0 0 0 0 0 0 0 0 0 0 0 0 0 0 0 0 0 0 0 0 0 0 0 0 0
11141 25599 59083 108632 108239 100091 112502 84870 76793 80574 76999 88506 94111 115808 135362 102075 31467 11612 8195 8195 8357 9096 7790 6726 6730 7347 7545 7333 6406 6799 7364 1205 0 0 0 0 0 0 838 2434 483 32 128 1545 3139 3322 3322 3324 4210 5191 5201 5197 5002 4994 4994 3612 2208 2321 3942 4127 2025 0 0 0 0 0 0 0 0 0 0 0 0 0 0 0 0 0 0 0 0 0 0 0 0 0 0 0 0 0 0 0 0 0 0 0
13430 33394 68159 65232 102662 91439 82039 102027 110984 100732 88357 71615 68567 82126 76501 115527 22990 15218 8202 8202 8854 8650 4042 6916 7551 7551 7418 6434 7288 9657 9611 9271 3825 0 0 0 732 4845 7537 7960 5337 4035 4629 4310 3331 3325 3325 3325 3325 3963 5145 5205 5024 4935 4654 2776 2659 2969 4067 4130 2302 0 0 0 0 0 0 0 0 0 0 0 0 0 0 0 0 0 0 0 0 0 0 0 0 0 0 0 0 0 0 0 0 0 0 0
14822 20174 37096 54500 92944 61834 82602 86497 102614 73796 83224 62672 70312 64522 77757 82613 49019 6334 8051 8209 8969 7329 4018 4589 5382 6286 7534 16100 30268 26397 14721 16922 14738 5118 4636 5263 7704 7966 7966 7966 5228 4974 4974 4974 4263 3330 3327 3327 3327 3327 4627 5210 3680 3013 3835 4134 4134 4134 4134 3508 819 1001 0 0 0 0 0 0 0 0 0 0 0 0 0 0 0 0 0 0 0 0 0 0 0 0 0 0 0 0 0 0 0 0 0 0
15820 12952 21403 17840 30706 66395 67519 73101 103093 74350 77174 60713 73559 56628 56296 92602 47374 7255 5791 8215 9157 7427 4021 4021 4021 4037 5674 14510 38995 26986 19892 23175 20329 14960 8618 8031 9436 9461 9238 9529 5457 4978 4978 4978 4978 3928 3330 3330 3330 3330 4669 5214 3357 2941 3439 4137 4137 4137 4137 2371 0 0 0 0 0 0 0 0 0 0 0 0 0 0 0 0 0 0 0 0 0 0 0 0 0 0 0 0 0 0 0 0 0 0 0 0
13679 13252 19907 21641 33620 35395 45545 52101 72499 78623 111849 95580 78870 74291 80751 48294 34233 19114 10503 5826 5393 8569 4939 4024 18172 6912 10170 9594 20256 26687 23784 23039 20268 20234 18917 11399 9927 11076 10830 12339 8920 5699 4982 4982 4982 3892 3332 3332 3332 3332 4712 5218 3418 2943 2976 3528 3704 3245 3071 1444 0 0 0 0 0 0 0 0 0 0 0 0 0 0 0 0 0 0 0 0 0 0 0 0 0 0 0 0 0 0 0 0 0 0 0 0
13724 14059 20965 27004 42172 28641 39531 43946 63809 69911 103193 89219 61651 73325 79150 42466 13145 19862 13573 4119 4081 8978 22470 81333 114200 46326 30452 20395 9988 21053 23743 20660 20249 20249 20202 10167 9231 12468 12748 12748 10056 8534 6328 4986 4576 3343 3335 3335 3287 3127 4132 4291 3215 2945 2945 2945 2323 2027 2027 528 0 0 0 0 0 0 0 0 0 0 0 0 0 0 0 0 0 0 0 0 0 0 0 0 0 0 0 0 0 0 0 0 0 0 0 0
20084 23857 39994 33838 61978 34275 53062 68550 76343 62445 71667 68127 60143 52625 54643 19696 13157 19997 12789 23356 55001 174512 218367 212475 190998 71928 35206 30952 15274 8716 15570 20263 20264 20264 18428 9238 9238 12479 12757 12757 10738 8672 8669 5704 1434 1128 967 807 1154 1273 1273 1273 2485 2948 2948 2948 2274 2029 1977 377 0 0 0 0 0 0 0 0 0 0 0 0 0 0 0 0 0 0 0 0 0 0 0 0 0 0 0 0 0 0 0 0 0 0 0 0
35543 39128 73355 43330 81031 81882 74162 79119 74853 87574 864452 333941 61745 38833 27478 20819 19986 17016 34296 99779 136671 118660 151138 118133 104254 22517 43464 23128 7504 5302 5305 12793 20278 20278 17633 9244 9244 12489 12766 12766 11420 8678 8678 5961 688 688 688 688 1182 1274 1274 1325 2645 2950 2950 2723 2055 2030 1127 0 0 0 0 0 0 0 0 0 0 0 0 0 0 0 0 0 0 0 0 0 0 0 0 0 0 0 0 0 0 0 0 0 0 0 0 0
25524 62035 78466 50815 62384 69648 76130 81165 92185 96304 577301 303331 81746 60388 26369 20939 32128 55658 87811 101031 107930 33988 76445 76984 43457 6028 8873 5962 5307 5633 7335 7990 10605 14409 15772 9251 9251 12499 12775 12775 11086 7973 8214 6118 1249 1144 1039 934 1343 1367 1359 2514 2986 2952 2952 2547 2032 1577 56 0 0 0 0 0 0 0 0 0 0 0 0 0 0 0 0 0 0 0 0 0 0 0 0 0 0 0 0 0 0 0 0 0 0 0 0 0
