utils/source function/p1990i15.ascii
ncols         1440
nrows         572
xllcorner     -180
yllcorner     -58.000000000011
cellsize      0.250002
NODATA_value  -9999
[rows 427 to 487 of 572, columns 1248 to 1343 of 1440]
18 18 18 18 18 18 18 18 18 18 16 13 12 12 12 12 12 12 10 10 10 10 10 11 7 7 7 7 7 47 58 58 58 58 58 44 35 27 25 25 25 24 24 24 24 24 26 29 35 40 40 39 32 29 30 36 125 240 240 240 240 240 240 238 210 174 180 197 334 231 1 4 18 3 4 0 0 0 0 0 0 0 0 0 0 0 0 0 0 0 0 0 0 0 0 0
18 18 18 18 18 18 18 18 18 18 13 12 12 12 12 12 12 12 12 12 12 12 12 11 7 7 7 7 7 22 55 51 58 54 50 46 51 26 24 24 24 24 24 24 24 24 24 24 24 30 37 28 25 25 26 29 189 240 240 240 240 240 240 240 226 258 272 263 273 273 44 337 235 38 16 0 0 0 0 0 0 0 0 0 0 0 0 0 0 0 0 0 0 0 0 0
18 18 18 18 18 18 18 18 18 13 12 12 12 12 12 12 12 12 12 12 12 12 12 11 7 7 7 7 7 7 11 7 21 19 12 7 13 24 24 24 24 24 24 24 24 24 25 25 25 25 25 25 25 25 24 19 140 236 239 239 239 239 239 239 252 271 272 272 272 272 256 595 1139 285 602 2 0 0 0 0 0 0 0 0 0 0 0 0 0 0 0 0 0 0 0 0
18 17 18 18 18 18 18 18 15 12 12 12 12 12 12 12 12 12 12 12 12 12 12 11 7 7 7 7 7 7 7 7 7 7 7 7 15 24 24 24 24 24 24 24 24 44 106 117 95 89 37 25 25 25 25 28 29 101 239 239 239 239 239 242 270 271 272 272 272 476 1126 1299 1353 1339 1147 219 0 0 0 0 0 0 0 0 0 0 0 0 0 0 0 0 0 0 0 0
18 13 16 18 18 18 18 18 14 11 11 11 11 11 11 11 11 11 11 11 11 11 11 11 7 7 7 7 7 7 7 7 7 7 7 7 20 24 24 24 24 24 24 24 41 139 141 141 141 137 40 25 25 25 26 29 29 33 150 238 239 239 243 254 257 263 270 271 272 662 1381 1371 1381 1381 1381 234 0 0 0 0 0 0 0 0 0 0 0 0 0 0 0 0 0 0 0 0
17 17 17 14 12 12 12 13 13 11 11 11 11 11 11 11 11 11 11 11 11 11 11 11 7 7 7 7 7 7 7 7 7 7 6 14 24 24 24 24 24 24 24 27 135 141 141 141 141 141 71 37 37 25 26 29 29 29 29 184 238 245 255 256 256 256 265 275 322 407 738 640 878 1189 1378 183 2 0 0 0 0 0 0 0 0 0 0 0 0 0 0 0 0 0 0 0
17 17 17 13 11 11 11 11 11 11 11 11 11 11 11 11 11 11 11 11 11 11 11 11 7 7 7 6 5 7 7 7 7 6 3 5 11 23 24 24 24 24 24 74 139 141 141 141 141 112 38 95 134 42 68 39 29 29 29 46 83 390 506 374 385 389 279 321 335 335 346 550 555 20221 44680 373 19 0 0 0 0 0 0 0 0 0 0 0 0 0 0 0 0 0 0 0
17 17 17 13 11 11 38 21945 11 11 11 11 11 11 11 11 11 11 11 11 11 11 11 11 4 4 4 4 3 4 6 5 3 3 3 3 3 7 20 20 17 14 19 89 141 141 141 141 139 79 38 139 164 164 164 104 29 29 29 29 148 829 849 799 749 849 718 390 335 335 335 458 556 1978 597 345 277 16 0 0 0 0 0 0 0 0 0 0 0 0 0 0 0 0 0 0
17 17 17 17 15 11 143 1807 11 11 11 11 11 11 11 11 11 11 11 11 11 11 11 11 3 3 3 3 3 3 3 3 3 3 3 3 3 3 3 3 5 6 6 22 125 140 140 126 57 38 38 138 164 164 160 99 31 29 29 29 109 848 837 394 532 294 258 421 332 334 334 378 546 1338 476 308 11755 15998 12 0 0 0 0 0 0 0 0 0 0 0 0 0 0 0 0 0
18 18 18 18 16 11 11 11 11 11 11 11 11 11 11 11 11 11 11 11 11 11 11 11 3 3 3 3 3 3 3 3 3 3 3 3 3 3 3 4 5 6 6 6 103 99 84 79 32 32 32 85 129 129 107 83 67 29 29 84 581 847 769 80 68 68 68 68 236 334 361 522 561 561 538 328 1188 3943 556 190 0 0 0 0 0 0 0 0 0 0 0 0 0 0 0 0
18 18 18 18 17 13 11 11 11 11 11 13 14 14 14 14 14 14 14 15 15 15 15 15 3 3 3 3 3 3 3 3 3 3 3 3 3 3 3 4 6 6 6 6 14 10 8 21 21 21 38 83 83 83 83 82 76 47 40 119 353 298 93 68 68 68 68 68 264 333 344 555 560 560 560 416 321 408 671 615 16 0 0 0 0 0 0 0 0 0 0 0 0 0 0 0
18 18 18 18 18 18 18 11 11 13 13 17 18 18 18 18 18 18 18 18 18 18 18 18 3 3 3 3 3 3 3 3 3 3 3 4 4 5 5 5 6 6 6 6 6 6 15 21 21 21 38 83 83 83 83 70 42 41 49 74 68 68 68 68 68 68 68 68 298 332 357 554 558 558 540 478 384 543 719 949 2027 168 6 0 404 115 0 0 0 0 0 0 0 0 0 0
18 18 18 18 18 18 18 13 11 17 18 18 18 18 18 18 18 18 18 18 18 18 18 18 3 3 3 3 3 3 3 3 3 3 3 5 6 6 6 6 6 6 6 6 6 7 20 13 20 21 23 71 83 83 83 58 41 42 75 79 68 75 82 72 66 68 68 93 311 305 368 557 557 557 443 396 396 305 807 1164 3064 49976 0 0 2518 1288 0 0 0 0 0 0 0 0 0 0
18 18 18 18 18 18 18 18 17 18 18 18 18 18 18 18 18 18 18 18 18 18 18 18 3 3 3 3 3 3 3 2 3 3 3 5 6 6 6 6 6 6 6 6 6 6 6 6 9 18 16 28 83 79 59 41 41 72 85 84 84 85 72 51 53 66 68 86 148 109 104 294 452 545 289 179 231 127 343 737 2077 2493 1714 33 5917 2262 0 0 0 0 0 0 0 0 0 0
18 18 18 18 18 18 18 18 18 18 18 18 18 18 18 18 18 18 18 18 18 18 18 18 3 3 3 3 3 3 3 3 3 3 4 6 6 6 6 6 6 6 6 6 6 7 13 7 9 16 16 18 37 58 41 41 48 83 84 84 84 70 51 50 50 80 105 79 99 99 99 99 204 368 117 117 122 346 356 587 1153 4833 9745 6400 7195 0 0 0 0 0 0 0 0 0 0 0
18 18 18 18 18 18 18 18 18 18 18 18 18 18 18 18 18 18 18 18 18 18 18 18 3 3 3 3 3 3 3 3 3 3 3 4 6 6 6 6 6 7 11 8 7 12 15 15 14 15 15 15 15 30 55 54 74 84 84 84 79 53 50 50 50 95 111 110 99 98 98 98 98 154 217 202 341 434 624 648 785 898 2960 7769 4327 0 0 0 0 0 0 0 0 0 0 0
18 18 18 18 18 18 18 18 18 18 18 18 18 18 18 18 18 18 18 18 18 18 18 17 3 3 3 3 3 3 3 3 3 3 3 4 6 6 6 6 8 15 15 15 15 15 15 15 15 15 15 15 15 37 84 84 84 84 84 84 82 57 50 50 50 107 111 110 102 98 98 98 98 257 407 347 347 370 633 726 698 939 1134 1872 1352 0 0 0 0 0 0 0 0 0 0 0
7 7 7 7 7 7 7 7 7 7 7 7 7 7 7 7 7 7 7 7 7 7 7 7 7 7 7 7 7 7 7 7 7 7 7 7 6 5 6 6 10 15 15 15 15 15 15 15 15 15 15 15 15 59 84 84 84 84 84 84 84 71 49 49 50 83 110 110 107 98 98 98 121 356 430 421 518 611 750 2726 619 619 14818 4092 2092 0 0 0 0 0 0 0 0 0 0 0
7 7 7 7 7 7 7 7 7 7 7 7 7 7 7 7 7 7 7 7 7 7 6 7 7 7 7 7 7 7 7 7 7 7 7 7 6 2 6 11 13 15 15 15 15 15 15 15 15 15 15 15 15 65 84 84 84 84 84 84 84 61 49 49 49 84 110 110 145 165 166 181 236 352 429 429 642 1411 1548 1746 1522 1616 3310 8068 25055 0 0 0 0 0 0 0 0 0 0 0
7 7 7 7 7 7 7 7 7 7 7 7 7 7 7 7 7 7 7 7 7 7 5 5 7 7 7 7 7 7 7 7 7 7 7 7 6 7 6 14 15 15 15 15 15 15 15 15 15 15 15 15 15 63 84 84 84 84 84 84 81 50 49 49 49 94 218 6898 165 180 212 306 306 354 429 434 590 1851 2646 2621 2217 1557 6032 22450 62938 0 0 0 0 0 0 0 0 0 0 0
7 7 7 7 7 7 7 7 7 7 7 7 7 7 7 7 7 7 7 7 6 5 6 5 6 7 7 7 7 7 7 7 7 7 7 7 8 8 8 8 9 9 14 15 15 15 15 15 15 15 15 15 15 80 83 81 83 83 83 83 76 49 49 50 53 102 107 96 127 92 200 306 306 362 428 512 605 628 1870 2508 2484 1699 2623 11513 33045 0 0 0 0 0 0 0 0 0 0 0
7 7 7 7 7 7 7 7 7 7 7 7 7 7 7 7 7 7 7 7 7 6 7 6 7 7 7 7 7 7 7 7 7 7 7 7 8 8 8 8 8 8 8 13 15 15 15 15 15 15 15 15 22 47 48 40 40 58 78 83 58 49 49 53 54 54 55 54 54 54 149 251 246 228 269 508 3177 7401 2090 3058 3080 1880 3707 49818 62782 354 0 0 0 0 0 0 0 0 0 0
7 7 7 7 7 7 7 7 7 7 7 7 7 7 7 7 7 7 7 7 7 7 7 6 7 7 7 7 7 7 7 7 7 7 7 7 8 8 8 8 8 8 8 8 8 9 11 14 15 15 18 19 35 38 38 38 38 38 59 83 56 49 49 52 54 54 54 54 54 63 203 207 207 207 207 474 1573 3184 3110 3275 3868 3452 3141 178520 351741 1414 306 0 0 0 0 0 0 0 0 0
7 7 7 7 7 7 7 7 7 7 7 7 7 7 7 7 7 7 7 7 7 7 7 7 6 7 7 7 7 7 7 7 7 7 7 7 8 8 8 8 8 8 8 8 8 8 8 9 12 26 37 37 37 37 37 37 37 37 38 42 46 49 65 85 80 81 76 88 80 73 206 206 206 205 208 424 483 2299 3085 82847 5966 7898 25477 208452 397581 31676 20 0 0 0 0 0 0 0 0 0
7 7 7 7 7 7 7 7 7 7 6 6 7 7 7 7 7 7 7 4 4 7 7 7 7 7 7 7 7 7 7 7 7 7 7 7 8 8 8 8 8 8 8 8 8 8 8 8 8 26 36 37 37 37 37 37 37 37 37 38 59 82 107 114 114 114 114 114 114 123 205 187 156 133 182 409 412 558 1908 2657 3440 5113 2570 7523 15401 113398 0 0 0 0 0 0 0 0 0 0
7 7 7 7 7 7 7 7 7 6 6 6 6 6 6 6 6 5 6 4 0 1 6 7 6 6 7 7 7 7 7 7 7 7 7 7 8 8 8 8 8 8 8 8 8 8 8 8 8 8 18 36 37 37 37 37 37 37 37 47 114 114 114 114 114 114 114 114 117 119 130 129 128 128 128 208 363 427 905 1725 11921 1847 2697 5103 6789 159597 17729 0 0 0 0 0 0 0 0 0
7 7 7 7 7 7 7 7 7 6 6 6 6 7 7 7 7 7 6 6 0 0 3 6 6 7 7 7 7 7 7 7 7 7 7 7 8 8 8 8 8 8 8 8 8 8 8 8 8 8 23 36 37 37 37 37 37 37 37 54 114 114 114 114 114 114 114 116 128 128 128 128 128 128 138 305 309 309 747 1019 1365 966 1963 2866 7849 15773 10063 0 0 0 0 0 0 0 0 0
7 7 7 7 7 7 7 7 7 7 7 7 7 7 7 7 7 7 7 4 0 1 3 7 7 7 7 7 7 7 7 7 7 7 7 7 8 8 8 8 8 8 8 8 8 8 8 8 8 8 22 37 37 37 37 37 37 37 37 57 113 113 113 113 113 113 113 116 128 289 437 414 497 4618 246 336 308 330 1838 2199 787 927 1654 1699 11424 24391 11223 0 0 0 0 0 0 0 0 0
7 7 7 7 7 7 7 7 7 7 576 226 7 5 6 7 7 7 7 4 2 3 0 6 7 7 7 6 5 7 7 7 7 7 7 7 8 8 8 8 8 8 8 8 8 8 8 8 8 9 28 37 37 37 37 37 37 37 37 63 113 113 113 113 113 113 113 120 455 643 643 643 615 468 443 461 397 1128 1836 1837 773 656 1473 3783 15130 29475 10974 0 0 0 0 0 0 0 0 0
7 7 7 7 7 7 7 7 7 7 1105 1395 7 7 7 7 7 7 7 7 6 5 4 5 7 7 7 6 6 7 4 7 7 7 7 7 9 9 9 9 9 9 9 9 9 9 9 9 9 28 68 68 68 68 68 68 68 75 80 80 80 80 80 168 269 269 270 539 641 641 641 641 632 427 432 460 460 599 641 643 643 679 887 1327 2442 3601 0 0 0 0 0 0 0 0 0 0
7 7 7 7 7 7 7 7 7 7 7 7 7 7 7 7 7 7 6 6 4 2 7 15 15 17 9 7 5 7 5 6 7 7 7 7 9 9 9 9 9 9 9 9 9 9 9 9 9 30 68 68 68 68 68 68 68 70 79 80 80 81 182 265 269 269 338 635 639 639 639 639 593 425 425 449 459 447 391 529 490 555 706 798 7103 3416 0 0 0 0 0 0 0 0 0 0
7 7 7 7 7 7 7 7 7 7 7 7 7 7 7 7 7 6 7 7 7 7 12 22 23 25 16 8 7 7 7 6 5 7 7 7 9 9 9 9 9 9 9 9 9 9 9 9 20 64 68 63 60 68 68 68 68 68 76 79 79 152 268 268 268 268 273 375 611 638 638 638 612 434 436 456 1775 3805 2466 2340 368 476 541 15116 4049 2493 0 0 0 0 0 0 0 0 0 0
7 7 7 7 7 7 7 7 7 7 7 7 7 7 7 7 7 7 7 7 7 7 13 25 23 24 23 19 21 20 21 11 6 7 7 7 9 9 9 9 9 9 9 9 9 9 9 9 37 68 68 64 68 68 68 68 68 69 79 79 79 117 267 267 267 267 267 267 646 772 762 695 637 537 513 493 1537 3587 3061 994 405 519 521 2207 2216 205 0 0 0 0 0 0 0 0 0 0
7 7 7 7 7 7 7 7 7 7 7 7 7 7 7 7 7 7 7 7 6 13 22 25 25 25 25 25 25 25 25 25 24 25 25 25 9 9 9 9 9 9 9 9 9 9 9 9 17 55 68 68 68 68 68 68 68 72 79 79 83 208 267 267 267 267 267 315 730 793 793 793 637 515 515 615 897 705 673 663 671 556 766 14099 18790 0 0 0 0 0 0 0 0 0 0 0
7 7 7 7 7 7 7 7 7 7 7 7 7 7 7 7 7 7 7 218 6 5 18 25 25 25 25 25 25 25 25 15 22 25 25 25 9 9 9 9 9 9 9 12 30 31 38 35 21 60 68 68 68 68 68 68 68 73 79 79 120 249 261 276 282 294 266 498 791 791 791 791 753 552 515 672 1261 1026 6150 645 650 1312 4436 13191 12512 0 0 0 0 0 0 0 0 0 0 0
7 7 7 7 7 7 7 7 7 7 7 7 7 7 7 7 7 7 7 2541 7 5 0 13 25 25 25 25 25 25 15 1 24 25 25 25 9 9 9 9 9 9 9 33 39 39 39 39 39 49 67 67 68 68 67 68 70 79 79 81 117 212 291 332 335 335 322 597 765 789 789 789 793 1109 910 978 1480 1294 17874 639 637 3110 6511 6605 260 0 0 0 0 0 0 0 0 0 0 0
7 7 7 7 7 7 7 7 7 7 7 7 7 7 7 7 7 7 7 7 7 7 3 1 24 25 25 25 25 25 5 4 24 25 25 25 9 9 9 9 9 9 10 39 39 39 39 39 39 45 68 71 80 84 76 82 84 115 126 144 147 211 258 332 335 335 335 501 640 698 811 1512 1703 1746 1434 1530 1705 1175 679 392 496 3853 5180 5853 632 0 0 0 0 0 0 0 0 0 0 0
7 7 7 7 7 7 7 7 7 7 7 7 5 4 5 6 7 5 7 7 7 6 3 0 17 25 25 25 25 25 23 20 23 25 17 10 9 9 9 9 9 9 14 38 39 39 39 39 55 79 85 85 85 85 85 85 85 126 155 155 157 199 211 227 330 334 334 425 599 600 600 1291 1758 1765 1831 37928 1844 894 355 355 1067 5215 6524 4609 363 0 0 0 0 0 0 0 0 0 0 0
20 19 7 7 7 7 7 7 7 7 7 5 4 6 3 1 4 6 3 5 6 6 6 0 15 24 24 24 24 24 24 19 14 14 10 7 9 9 9 9 9 9 11 38 39 39 39 39 65 85 85 85 85 85 85 85 85 94 152 155 155 159 210 210 235 445 557 632 593 598 598 1271 1297 1456 1456 1197 744 894 354 496 5776 9442 9448 6662 0 0 0 0 0 0 0 0 0 0 0 0
22 21 20 20 20 20 20 20 13 7 6 5 6 6 5 1 1 7 4 6 6 6 5 11 28 30 30 24 14 7 7 7 7 7 7 7 9 9 9 9 9 9 9 31 39 39 39 34 35 58 85 85 85 85 85 85 85 128 154 154 154 171 210 210 210 556 647 647 612 557 527 764 1018 724 806 839 691 1181 761 4327 6915 7894 8837 3151 0 0 0 0 0 0 0 0 0 0 0 0
18 21 17 21 83 365 304 220 164 49 15 15 11 5 7 6 1 6 4 6 7 7 5 22 148 202 138 25 14 7 7 7 7 7 7 7 9 22968 9 9 9 9 19 34 38 38 38 38 44 77 84 84 84 84 84 84 84 113 154 154 154 179 210 393 595 673 2590 3028 694 506 506 482 433 495 1112 1078 1108 1440 1073 1334 4785 6791 4925 64 0 0 0 0 0 0 0 0 0 0 0 0
1 1 0 2 61 299 260 443 447 320 46 27 14 5 5 4 4 11 11 11 14 17 17 49 443 385 118 29 14 7 7 7 7 7 7 7 9 2000 9 9 9 20 37 38 38 38 38 38 48 80 84 84 84 84 84 84 84 95 153 159 215 300 553 794 794 2939 6919 6409 1044 885 1227 571 467 434 1994 1854 1757 1900 2239 2627 4406 6083 856 0 0 0 0 0 0 0 0 0 0 0 0 0
0 0 0 0 0 0 1 201 348 332 215 100 13 4 4 3 20 20 20 20 22 24 2643 2079 490 432 57 37 14 7 7 7 7 7 7 7 9 9 9 9 14 23 35 38 38 38 38 38 38 44 74 84 84 84 84 84 84 84 222 286 319 327 795 961 791 3208 6650 2643 1379 1866 1887 1948 796 1625 2764 2788 2620 2421 2122 4105 5471 4530 510 0 0 0 0 0 0 0 0 0 0 0 0 0
0 0 0 0 0 0 0 14 16 194 209 201 143 24 4 4 20 20 20 18 22 22 4817 3888 623 549 307 195 51 24 7 7 7 7 7 7 9 9 9 9 12 38 38 38 38 38 38 38 38 38 38 47 83 86 84 84 84 84 237 326 326 326 1341 1649 1165 2190 3776 1344 1346 1901 1966 1423 721 2637 2789 2564 2594 18149 32584 18781 6574 417 0 0 0 0 0 0 0 0 0 0 0 0 0 0
0 0 0 0 0 0 0 0 91 208 208 190 181 162 65 152 133 131 19 19 20 2732 8619 2758 626 625 560 2070 74 34 7 7 7 7 7 7 9 11 9 9 9 28 112 125 182 140 74 38 38 38 38 38 68 105 96 84 84 84 167 325 325 325 1235 1662 1662 1476 1300 1322 1367 1872 1795 780 651 1872 2557 4686 9945 18010 176738 31218 3369 0 0 0 0 0 0 0 0 0 0 0 0 0 0 0
0 0 0 0 0 0 0 0 14 122 147 158 166 180 180 151 202 202 140 41 20 11412 1374 8890 7043 1038 1125 139 123 55 7 7 7 7 7 7 9 96 133 97 109 163 190 192 192 151 80 55 62 38 42 86 102 105 102 98 94 133 271 325 325 823 1496 1628 1655 1603 1296 1300 4775 897 668 2372 2666 2369 7748 12763 35704 108522 55638 0 0 0 0 0 0 0 0 0 0 0 0 0 0 0 0 0
0 0 0 0 0 0 0 0 0 0 2 90 127 139 138 181 250 250 230 187 174 2465 0 591 1494 1310 825 219 185 82 9 9 9 9 9 9 123 159 191 174 177 191 191 191 117 91 93 94 95 91 104 107 105 105 105 105 259 324 324 324 324 431 1391 1401 1415 1346 1291 1468 30802 2517 26940 2134 3627 5652 11497 38301 85161 70249 2798 0 0 0 0 0 0 0 0 0 0 0 0 0 0 0 0 0
0 0 0 0 0 0 0 0 0 4 3 52 117 117 117 176 273 273 254 241 184 12 5 773 1308 1151 1558 537 537 230 10 10 10 10 10 10 189 190 190 190 190 190 190 179 67 89 94 94 94 102 200 142 113 105 105 105 333 470 443 463 448 660 1171 1265 1182 1756 2319 2080 1932 1971 1209 1533 5670 28181 60538 201467 264275 69967 0 0 0 0 0 0 0 0 0 0 0 0 0 0 0 0 0 0
0 0 0 0 0 0 0 0 0 1 0 0 49 213 215 365 288 288 161 36 0 0 4853 1997 708 844 3066 1304 393 367 325 227 196 10 10 56 182 178 190 190 190 190 190 160 88 94 94 94 94 94 185 210 158 104 104 104 122 231 506 506 506 506 639 720 720 1324 2793 2497 1540 683 815 1044 6112 17046 110199 559044 1413912 155648 0 0 0 0 0 0 0 0 0 0 0 0 0 0 0 0 0 0
0 0 0 0 0 0 0 0 0 0 0 0 1 461 530 611 621 238 0 0 0 50 2720 2464 1082 1661 1847 1866 773 562 530 860 960 2767 9475 1472 148 150 168 696 18230 189 189 111 94 94 94 94 102 103 175 210 184 104 104 4245 3232 501 651 504 504 685 926 1889 2481 2379 2291 689 839 863 898 961 5005 7590 20472 205263 145737 0 0 0 0 0 0 0 0 0 0 0 0 0 0 0 0 0 0 0
0 0 0 0 0 0 0 0 0 0 0 0 21 289 529 603 371 3 0 0 0 104 1206 1016 223 3179 3454 4089 4137 631 772 1013 1180 2567 6558 1346 136 136 136 496 19253 1308 162 104 94 81 101 244 205 210 210 210 199 154 248 5682 7636 3621 1090 917 1081 1338 1343 2606 2857 2227 1447 680 796 867 863 1013 6170 7738 26894 95956 0 0 0 0 0 0 0 0 0 0 0 0 0 0 0 0 0 0 0 0
0 0 0 0 0 0 0 0 0 0 0 0 60 237 525 10252 11 3 0 0 0 52 1343 708 0 3796 93281 22128 5071 599 599 568 755 1076 912 798 136 136 136 136 136 141 514 1248 265 93 255 371 226 209 209 209 234 422 414 696 3188 4810 1169 1055 1040 1199 1618 2630 2860 1490 1647 1381 779 791 8758 4982 4904 7812 45053 48798 0 0 0 0 0 0 0 0 0 0 0 0 0 0 0 0 0 0 0 0
0 0 0 0 0 0 0 0 0 0 0 0 1 3 268 2662 7 0 0 13 165 426 1861 423 0 41244 621925 25199 3314 2387 1161 197 190 148 89 95 135 135 135 135 135 135 1179 1249 796 391 411 421 266 91 112 116 170 334 374 396 508 857 1092 4214 4184 2669 1966 1618 1385 1223 1892 2030 1390 759 11794 2257 6008 9199 9434 2105 0 0 0 0 0 0 0 0 0 0 0 0 0 0 0 0 0 0 0 0
0 0 0 0 0 0 0 0 0 0 0 0 0 0 0 2 0 0 0 160 410 339 1208 18 0 23598 217963 16261 6761 5415 2379 194 190 230 250 237 135 135 135 135 135 135 246 751 767 607 435 420 290 114 53 53 162 270 351 370 303 340 686 4324 6219 7246 6450 1588 1193 1368 1790 2027 90413 1046 778 750 4615 9419 5730 777 0 0 0 0 0 0 0 0 0 0 0 0 0 0 0 0 0 0 0 0
0 0 0 0 0 0 0 0 0 0 0 0 0 0 0 0 0 0 0 34 0 0 0 0 0 4036 14227 4240 1861 2298 569 241 241 254 255 240 134 134 149 159 187 281 392 337 755 801 8956 510 419 443 444 871 390 269 364 367 305 484 752 758 2414 7216 7210 4461 1828 1827 698 207 207033 3039 829 580 7653 7526 73 0 0 0 0 0 0 0 0 0 0 0 0 0 0 0 0 0 0 0 0 0
0 0 0 0 0 0 0 0 0 0 0 0 0 0 0 0 0 0 13 121 218 331 159 55 761 2421 3291 1354 533 713 366 232 235 253 258 246 134 134 348 442 317 317 335 445 505 1251 1574 1757 1080 648 778 5522 2599 739 2244 1947 1630 1289 1371 1483 1552 1325 1410 1582 1186 1725 1061 210 1093 1609 581 2270 6065 2670 0 0 0 0 0 0 0 0 0 0 0 0 0 0 0 0 0 0 0 0 0 0
0 0 0 0 0 0 0 0 0 0 0 0 0 0 0 0 0 0 353 519 507 513 411 324 184 0 0 0 13 542 385 213 213 277 662 617 324 388 437 426 379 318 393 443 443 1134 1565 1479 1535 1595 791 1157 3042 3330 3322 2547 2506 2556 2286 4388 1668 710 598 541 543 1186 1786 1107 1056 1217 1683 4978 3715 1 0 0 0 0 0 0 0 0 0 0 0 0 0 0 0 0 0 0 0 0 0 0
0 0 0 0 0 0 0 0 0 0 0 0 0 0 0 0 0 0 23 65 35 51 24 0 0 0 0 0 0 3 508 214 534 617 668 619 331 424 439 361 573 845 743 674 627 755 748 723 701 2191 8305 8470 4974 3897 3641 2931 2825 3089 6287 62544 4435 877 392 403 533 721 1444 1698 1256 1222 3595 5077 2789 0 0 0 0 0 0 0 0 0 0 0 0 0 0 0 0 0 0 0 0 0 0 0
0 0 0 0 0 0 0 0 0 0 0 0 0 0 0 0 0 0 0 0 0 0 0 0 0 0 0 0 0 0 40 414 599 645 666 619 326 354 437 437 559 821 845 932 909 893 874 810 715 1997 2383 5055 5731 37464 4913 1694 1474 17209 2986 3925 2751 397 391 391 502 1443 1870 1869 1586 1266 2379 2865 1527 0 0 0 0 0 0 0 0 0 0 0 0 0 0 0 0 0 0 0 0 0 0 0
0 0 0 0 0 0 0 0 0 0 0 0 0 0 0 0 0 0 0 0 0 0 0 0 0 0 0 0 0 0 0 279 432 478 639 594 325 327 358 568 12809 743 985 1305 965 945 913 871 9449 18273 1760 1476 2698 2941 1705 8487 2616 1411 1731 2247 1897 509 377 352 447 1801 1715 1608 703 1317 2615 2570 287 0 0 0 0 0 0 0 0 0 0 0 0 0 0 0 0 0 0 0 0 0 0 0
0 0 0 0 0 0 0 0 0 0 0 0 0 0 0 0 0 0 0 0 0 0 0 0 0 0 0 0 0 0 32 338 408 386 4422 1527 324 324 389 667 672 895 1446 1543 1103 1028 1815 1828 11657 31937 2435 2645 2366 1728 1636 1427 1334 1410 1704 2319 2412 662 302 301 445 825 473 778 455 1122 2604 1940 0 0 0 0 0 0 0 0 0 0 0 0 0 0 0 0 0 0 0 0 0 0 0 0
