utils/source function/p1990i15.ascii
ncols         1440
nrows         572
xllcorner     -180
yllcorner     -58.000000000011
cellsize      0.250002
NODATA_value  -9999
[rows 366 to 426 of 572, columns 384 to 479 of 1440]
0 0 0 0 0 0 0 0 0 0 0 0 0 0 846 9561 32888 69619 115931 40072 26928 49486 41802 19504 11220 3948 2674 2331 6335 9599 12037 14632 15252 9201 1038 1038 852 767 767 767 767 730 341 93 80 80 80 80 80 80 217 777 1309 1033 621 650 809 974 724 273 273 273 273 273 272 262 272 273 273 262 228 216 216 216 216 216 224 297 309 309 249 216 216 216 760 890 890 890 890 678 595 595 595 526 213 213
0 0 0 0 0 0 0 0 0 0 0 0 0 26 0 0 85484 147172 134492 39057 21709 43712 36341 24208 9777 2330 2330 2459 2371 4744 7645 3406 4658 2991 1038 1038 824 766 766 766 763 399 293 211 124 166 80 80 117 236 483 540 540 854 973 973 973 973 576 274 273 273 273 273 273 273 246 244 226 220 216 216 216 216 216 216 306 309 309 309 291 274 273 518 889 890 890 890 856 619 595 560 499 447 213 182
0 0 0 0 0 0 0 0 0 0 0 0 0 0 0 0 1923 70708 41423 18263 22637 54174 61435 32267 11336 3276 2659 3071 3045 3216 3683 4384 1037 1037 1037 1037 885 783 766 766 777 977 961 945 938 694 377 440 523 539 539 539 635 962 973 971 967 920 315 296 289 282 281 283 277 273 302 312 295 233 216 215 216 221 222 289 349 338 309 309 309 309 390 856 889 889 889 886 680 595 595 301 213 166 100 80
0 0 0 0 0 0 0 0 0 0 0 0 0 0 0 0 0 16518 47342 14884 9455 35334 53366 29683 21666 4693 3090 3090 3090 3127 3300 2392 1037 1037 1037 1037 1037 1031 959 1535 1057 1052 1048 998 962 960 960 719 539 539 539 641 969 972 967 939 931 909 312 298 298 298 298 298 298 289 303 298 308 354 353 323 350 366 360 367 367 359 309 309 309 309 415 889 889 889 889 889 751 594 517 218 213 137 80 80
0 0 0 0 0 0 0 0 0 0 0 0 0 0 0 0 0 1261 35451 29916 22725 32996 29800 28657 31119 11837 3179 3088 3088 3088 3269 2983 1073 1036 1036 1036 1036 1036 1709 4958 2701 1073 1073 1073 1321 1592 1276 709 539 539 653 942 953 941 929 929 929 739 298 298 298 298 298 298 298 298 298 298 298 321 357 367 367 367 367 367 367 367 322 309 309 309 644 888 888 888 888 888 777 594 523 213 213 132 80 80
0 0 0 0 0 0 0 0 0 0 0 0 0 0 0 0 0 0 11247 39969 70502 35877 28853 27889 31190 19277 4746 3173 3878 5297 4052 3299 1825 1036 1036 1036 1065 1724 3738 4990 4880 1628 1126 1591 2147 2268 2268 1204 842 762 932 938 928 928 928 928 865 346 298 298 298 298 298 298 298 298 298 298 319 367 367 367 367 367 367 367 367 367 325 308 308 671 1176 1175 1068 888 888 866 642 593 487 217 213 198 81 80
0 0 0 0 0 0 0 0 0 0 0 0 0 0 0 0 0 0 0 37288 101358 56822 21789 11725 10639 10993 9937 8887 7445 7272 6791 3418 2647 1035 2112 3371 4757 4987 4987 4987 4987 3867 2225 2267 2267 2267 2215 936 926 926 926 926 927 870 792 917 855 298 298 298 422 679 690 563 312 298 298 298 332 367 367 367 367 367 367 367 367 367 330 308 308 2980 3964 3964 3860 1577 887 882 651 591 391 409 213 213 105 80
0 0 0 0 0 0 0 0 0 0 0 0 0 0 0 0 0 0 0 0 73644 91044 24681 10817 9599 14322 12966 11919 8945 7267 6812 6240 2244 1441 2753 3497 4984 4984 4984 4984 4984 4805 2771 2266 2266 2266 2142 927 926 926 926 926 870 634 596 634 798 306 298 298 605 844 844 844 649 352 298 298 347 366 366 366 366 366 366 366 366 363 310 308 2568 3943 3961 3961 3961 3565 1785 887 665 593 267 222 212 212 94 80
0 0 0 0 0 0 0 0 0 0 0 0 0 0 0 0 0 0 0 0 10135 101645 77729 25392 10663 15351 16038 5417 5861 5063 4515 8064 3421 2798 2789 2933 4467 2792 4772 4980 4980 4980 4420 2497 2264 2264 2231 1029 925 925 925 916 662 596 596 596 596 448 398 688 833 843 843 843 843 801 793 642 366 366 366 366 366 366 366 366 366 366 322 676 3613 3959 3959 3959 3959 3934 3140 937 618 526 225 212 212 210 102 80
0 0 0 0 0 0 0 0 0 0 0 0 0 0 0 0 0 0 0 0 939 67664 64346 64314 27196 13928 24097 10718 4587 4312 4751 12375 8011 2819 2819 2962 2560 3313 4977 4977 4977 4977 4977 4283 2349 2263 2263 1658 925 895 748 634 595 595 587 568 493 263 260 464 812 842 843 843 843 843 843 626 366 366 366 366 366 366 366 366 410 467 801 2581 3956 3956 3956 3956 3951 2927 962 932 870 845 179 165 165 165 149 139
0 0 0 0 0 0 0 0 0 0 0 0 0 0 0 0 0 0 0 0 0 22222 63269 57599 24581 20461 24051 23762 11394 8326 12018 17073 13240 2817 2817 2506 2393 3700 4973 4973 4973 4973 4973 4889 2604 2261 2261 1957 924 771 595 595 595 540 307 269 260 324 522 717 729 750 798 943 842 842 804 395 366 366 366 366 366 366 366 366 2757 3872 3954 3954 3954 3954 3954 3954 3954 4026 1464 938 938 817 154 154 154 154 154 154
0 0 0 0 0 0 0 0 0 0 0 0 0 0 0 0 0 0 0 0 0 1039 21319 15820 32210 39431 13702 18527 16758 14257 18435 16090 16988 10506 4946 2399 2392 4285 4970 4970 4970 4970 4970 2815 1691 1890 2134 1339 917 628 595 595 562 340 260 260 355 712 728 728 728 1678 6722 8319 5230 1911 768 365 365 365 1025 1551 733 1064 2652 2140 3821 3951 3951 3951 3951 3966 4020 4003 4091 4196 2341 937 937 659 154 154 154 154 154 154
0 0 0 0 0 0 0 0 0 0 0 0 0 0 0 0 0 0 0 0 0 0 4805 10432 36080 40494 27283 17628 15583 16173 34194 32096 34255 19476 3198 2390 2391 2895 4879 4148 2598 4425 4966 1558 535 535 617 922 837 594 594 544 245 153 260 260 594 728 728 728 728 5780 8903 8903 8903 8831 6468 2277 400 1226 3598 3948 3583 3796 3510 3948 3948 3948 3948 3948 3948 4019 4219 4219 4219 4045 1295 936 1131 2006 162 154 154 154 154 154
0 0 0 0 0 0 0 0 0 0 0 0 0 0 0 0 0 0 0 0 0 0 132 4756 16474 7286 6228 12563 16778 16778 33645 32879 14948 4213 2508 2693 2768 2814 2480 558 534 928 2855 2304 534 534 535 800 830 594 582 313 111 176 260 313 718 727 727 727 1129 7120 8896 8896 8896 8896 7609 5551 3993 2773 1717 816 474 786 953 3801 3945 3945 3945 3945 3945 4044 4216 4216 4216 4211 2712 1062 4892 9289 153 153 153 153 153 153
0 0 0 0 0 0 0 0 0 0 0 0 0 0 0 0 0 0 0 0 0 0 0 3165 4848 5977 7154 8821 14935 16765 32051 25705 11474 2812 2812 2812 2812 2812 1827 534 534 534 535 739 534 534 519 182 111 108 106 105 134 241 259 406 727 727 727 1371 7572 8889 8387 8889 8811 6489 4634 3810 1511 162 84 84 84 84 170 522 522 522 540 3677 3942 4030 4213 4213 4213 4310 4517 5194 9883 7292 153 153 153 153 153 153
0 0 0 0 0 0 0 0 0 0 0 0 0 0 0 0 0 0 0 0 0 0 0 683 5140 19964 4744 7197 10180 16989 21293 24480 12419 3031 2810 2810 2810 2810 2003 533 533 533 533 533 533 533 210 105 105 105 105 105 174 361 468 703 726 726 1617 6303 6982 3314 5066 4997 3859 5931 2133 833 194 186 85 84 84 134 745 522 531 526 522 2700 3938 3946 4196 4220 4221 4457 4565 8463 10241 9513 636 153 153 153 153 153
0 0 0 0 0 0 0 0 0 0 0 0 0 0 0 0 0 0 0 0 0 0 0 0 16830 39073 5123 7431 5723 14139 18756 21062 16513 8279 2807 2911 2812 2807 2652 839 556 533 533 533 533 533 261 105 105 105 113 171 228 471 731 728 725 1512 2835 2690 2536 1573 1317 1328 1359 3358 194 194 194 194 101 84 214 2926 1986 874 906 610 521 557 3295 4052 4510 4510 4510 4712 8364 10195 10262 10265 909 153 153 153 153 153
0 0 0 0 0 0 0 0 0 0 0 0 0 0 0 0 0 0 0 0 0 0 0 0 1637 43378 31448 13198 13030 14926 20926 18938 18280 17549 11469 14877 12836 7629 1199 534 1814 2002 533 533 533 481 183 117 112 165 221 228 228 447 750 734 619 1633 2722 3026 2897 2075 1318 1391 1411 1125 196 196 203 205 201 413 2870 3690 2758 932 932 880 869 796 1061 2829 4506 4506 4950 8904 10181 10215 10367 9729 896 608 275 289 468 551
0 0 0 0 0 0 0 0 0 0 0 0 0 0 0 0 0 0 0 0 0 0 0 0 0 14640 26863 25131 24921 24139 19142 11712 13334 17946 17020 17021 14771 5639 3159 3716 3997 3471 532 538 532 532 532 730 731 594 486 412 257 228 310 272 228 251 1200 1410 1523 2047 1383 1410 1177 696 244 245 282 326 439 2535 3687 3687 2578 931 931 931 931 931 931 1128 2280 5810 8654 7065 7483 9686 12626 12395 12182 12178 3700 3578 1758 1529
0 0 0 0 0 0 0 0 0 0 0 0 0 0 0 0 0 0 0 0 0 0 0 0 32 6370 20785 23518 22166 16135 13585 15457 31027 34933 24950 19322 5769 4021 4021 4021 4021 3816 2396 3271 2189 2050 2842 516 631 696 857 892 868 686 409 227 227 227 492 1108 808 285 272 393 259 251 249 374 494 1025 1974 3564 3684 3684 2709 930 930 930 930 930 930 1013 1296 1799 2479 4019 4838 8870 13099 12248 12170 11085 3697 3677 2118 1918
0 0 0 0 0 0 0 0 0 0 0 0 0 0 0 0 0 0 0 0 0 0 0 0 0 0 1622 400101 119305 5325 9140 14378 22385 28394 23651 23404 10497 4018 4018 4018 4018 4024 4032 4032 4032 4032 2169 351 351 351 501 880 891 891 860 515 314 304 227 239 247 247 247 247 276 467 511 524 527 2735 3681 3681 3681 3681 3656 1569 929 929 929 929 842 722 1015 1295 1295 1303 7032 12352 13381 11876 5459 3491 3595 3341 2156 1569
0 0 0 0 0 0 0 0 0 0 0 0 0 0 0 0 0 0 0 0 0 0 0 0 0 4518 0 1111497 1105849 192506 8495 13045 20146 23358 36587 45175 51122 34163 4014 4014 4014 4018 4028 4028 4028 4028 1577 350 350 350 350 465 780 881 890 890 890 877 588 497 294 246 246 245 311 490 523 523 1265 2892 2856 2861 2726 2565 2482 2173 928 929 926 624 440 439 737 1294 1294 1294 2307 6527 9185 9062 2982 2982 2982 2982 2347 1720
0 0 0 0 0 0 0 0 0 0 0 0 0 0 0 0 0 0 0 0 0 0 0 0 0 0 2443 583676 1531106 83598 8487 6277 9136 42598 62469 49184 45281 33231 9792 4019 4010 4021 4024 4024 4024 4024 4401 1717 350 350 350 350 350 467 770 889 889 889 889 889 607 246 241 152 135 151 311 488 527 544 528 419 419 419 419 423 479 777 602 439 439 439 597 1178 1106 1690 2673 2674 3506 5200 2979 2979 2979 2970 2610 1918
0 0 0 0 0 0 0 0 0 0 0 0 0 0 0 0 0 0 0 0 0 0 0 0 0 0 0 0 522432 119692 12083 3174 3066 25861 64940 37246 26686 26344 16612 14570 7462 4021 4021 4021 4021 4123 6603 7252 916 350 350 350 350 350 435 856 889 889 889 889 862 289 167 135 135 135 135 148 438 543 520 418 418 418 418 423 424 424 435 437 433 433 487 448 439 526 1180 2672 2490 3331 2931 2783 2343 2001 1916 1916
0 0 0 0 0 0 0 0 0 0 0 0 0 0 0 0 0 0 0 0 0 0 0 0 0 0 0 0 2675 22378 20396 3063 3063 15348 34997 22265 24601 28790 22005 14208 10731 4604 4017 4017 4017 4642 7203 6753 1598 349 349 349 349 349 413 693 888 888 888 888 848 194 135 135 135 135 135 215 535 543 459 418 396 417 418 420 423 423 413 359 361 360 409 416 438 438 1482 2669 1764 1469 2629 2589 1914 1914 1914 1577
0 0 0 0 0 0 0 0 0 0 0 0 0 0 0 0 0 0 0 0 0 0 0 0 0 0 0 0 0 5341 24854 21510 4355 5285 12274 18189 21577 24943 22195 14705 11773 7599 4013 4013 4013 4013 6761 6874 4265 3575 2352 843 349 970 1310 887 887 887 887 887 314 135 135 135 135 135 135 413 542 542 433 417 328 265 417 419 423 423 415 356 355 355 355 357 832 1639 2666 2403 1475 1495 5579 6054 4616 3328 2418 1237
0 0 0 0 0 0 0 0 0 0 0 0 0 0 0 0 0 0 0 0 0 0 0 0 0 0 0 0 0 5 19182 36573 39650 4447 3577 7650 14421 20137 34696 35732 13129 10304 4551 4009 4009 9519 14769 11219 5168 4340 4340 4589 6700 6640 3979 1789 1020 886 1040 1892 569 135 135 135 135 135 166 541 542 542 419 417 417 368 417 421 423 423 401 354 354 354 354 354 369 674 1314 1209 1466 1467 2198 3512 3724 6054 4181 300
0 0 0 0 0 0 0 0 0 0 0 0 0 0 0 0 0 0 0 0 0 0 0 0 0 0 0 0 0 0 1206 38600 39002 13204 3524 3075 7761 25107 41608 40460 21326 19544 12004 9100 10431 17638 22041 34977 19928 4772 5011 5958 8197 7376 3004 2507 2435 2196 2882 2976 731 134 134 134 134 134 283 541 541 541 417 417 417 417 417 422 422 422 386 354 354 354 354 354 354 354 354 451 1221 1463 1451 1502 2290 3276 1775 265
0 0 0 0 0 0 0 0 0 0 0 0 0 0 0 0 0 0 0 0 0 0 0 0 0 0 0 0 0 0 13 21039 21435 19246 3092 3007 5370 12007 14653 13949 16324 24155 24360 24114 22896 22359 19543 84884 143349 43690 8188 6445 7863 4933 2504 2504 2523 2951 2973 2718 293 134 134 134 134 134 383 541 378 540 416 416 416 416 418 422 422 422 384 354 354 354 354 354 354 354 354 355 449 522 559 572 1637 1215 265 265
0 0 0 0 0 0 0 0 0 0 0 0 0 0 0 0 0 0 0 0 0 0 0 0 0 0 0 0 0 0 5266 20372 20692 19943 9230 3425 3068 2050 2344 5969 10846 21652 19820 14919 22397 10816 13517 13394 15855 16482 13967 13902 7108 2293 2501 2501 2504 2911 2969 2969 419 134 134 134 134 134 410 540 429 538 416 416 416 416 415 810 629 421 382 353 353 353 353 353 353 507 763 697 487 487 487 487 487 474 327 357
0 0 0 0 0 0 0 0 0 0 0 0 0 0 0 0 0 0 0 0 0 0 0 0 0 0 0 0 0 0 1911 18727 20747 20747 20747 8245 3048 1879 1857 4622 6887 13875 12664 5524 10858 8858 11572 12035 12116 17077 18125 18113 9011 2872 3833 2499 2513 2947 2966 2966 1728 614 502 219 134 134 479 539 539 537 415 415 415 415 412 702 3611 2990 2207 1417 608 353 369 408 448 872 1082 762 486 486 486 486 486 486 457 449
0 0 0 0 0 0 0 0 0 0 0 0 0 0 0 0 0 0 0 0 0 0 0 0 0 0 0 0 0 0 0 7156 20546 20724 20698 7678 3355 3022 2540 3238 3760 8819 11200 4838 3134 3936 7319 9910 9658 12916 17778 17948 9138 9257 12949 11930 2541 2913 2963 2723 848 791 791 728 258 138 500 539 539 535 415 415 415 415 408 424 3204 3657 3657 3657 3634 1880 464 465 465 799 1081 1037 647 485 485 485 485 485 463 449
0 0 0 0 0 0 0 0 0 0 0 0 0 0 0 0 0 0 0 0 0 0 0 0 0 0 0 0 0 0 0 0 13760 20700 14392 6235 4634 3351 3351 3351 3288 3364 5142 4530 2919 2980 9437 8994 9142 9009 9244 12385 10121 10120 16542 20692 10095 3724 4179 1064 790 790 790 790 781 479 532 538 538 533 414 414 414 410 406 496 3373 3652 3652 3652 3652 1472 464 464 464 684 1080 1080 1067 538 485 485 485 485 467 448
0 0 0 0 0 0 0 0 0 0 0 0 0 0 0 0 0 0 0 0 0 0 0 0 0 0 0 0 0 0 0 0 258 8831 8366 7784 7594 3756 3347 3347 3137 2998 3076 3350 2718 2698 4277 4885 4382 8147 8148 8193 10090 10081 17501 20737 17375 17847 13586 804 2172 2723 790 790 790 790 776 538 538 529 414 414 413 406 406 502 3519 2673 2378 2137 1987 698 463 463 463 498 929 1078 1078 723 484 484 484 484 460 448
0 0 0 0 0 0 0 0 0 0 0 0 0 0 0 0 0 0 0 0 0 0 0 0 0 0 0 0 0 0 0 0 0 0 3336 7646 7012 3462 3184 3334 3091 2925 3786 3694 2692 2660 3099 3998 2872 3995 3630 6848 5671 6035 11031 18718 17771 22970 21653 5961 3681 4573 3651 2060 1778 3418 5850 540 537 527 413 412 407 405 405 410 698 426 426 426 426 431 460 463 463 463 674 1077 1077 772 484 484 484 482 455 447
0 0 0 0 0 0 0 0 0 0 0 0 0 0 0 0 0 0 0 0 0 0 0 0 0 0 0 0 0 0 0 0 0 0 10 4339 2521 1662 2253 2883 2754 2587 2860 2804 2519 2850 4097 4232 2354 2348 2348 3201 5211 5143 5143 27553 13363 6847 24078 21331 8690 5839 6524 6549 7363 9496 7468 2171 536 526 412 407 405 405 405 423 425 425 425 425 425 425 447 462 462 462 747 1076 1076 743 483 483 483 483 472 447
0 0 0 0 0 0 0 0 0 0 0 0 0 0 0 0 0 0 0 0 0 0 0 0 0 0 0 0 0 0 0 0 0 0 0 0 305 1118 1637 1810 1781 1660 1660 2320 2377 2743 4291 3391 2147 2345 2345 2383 4682 8080 24247 46089 12890 92 3170 18725 10926 6533 6541 6541 111376 22063 13778 4556 527 465 405 404 404 404 404 417 424 424 424 424 424 425 437 462 462 462 841 1075 1075 889 483 483 483 483 483 582
0 0 0 0 0 0 0 0 0 0 0 0 0 0 0 0 0 0 0 0 0 0 0 0 0 0 0 0 0 0 0 0 0 0 0 0 0 0 492 1226 1658 1658 1658 2914 2374 2713 4024 2359 2043 4558 9859 3872 20037 51103 38932 29819 15463 3841 0 1852 14491 20195 8817 38904 168442 42774 13587 6416 1637 467 404 404 404 404 1403 3495 3378 2181 549 454 456 459 461 461 461 464 991 1073 1073 935 482 482 482 482 482 461
0 0 0 0 0 0 0 0 0 0 0 0 0 0 0 0 0 0 0 0 0 0 0 0 0 0 0 0 0 0 0 0 0 0 0 0 0 0 0 16 764 1518 1656 6018 5221 3639 3639 5238 27483 46992 49642 48305 32663 13309 22448 31012 23441 11259 2588 23418 20385 24691 29434 155042 82022 20084 16826 6744 3674 2557 694 403 403 413 3722 4602 4624 3462 6206 8434 5481 461 461 461 461 583 1072 1072 1072 829 481 481 481 481 481 455
0 0 0 0 0 0 0 0 0 0 0 0 0 0 0 0 0 0 0 0 0 0 0 0 0 0 0 0 0 0 0 0 0 0 0 0 0 0 0 0 0 12 487 5345 7325 5541 4471 30136 49579 49579 49579 49026 15632 2532 12304 22018 8316 11722 17079 41768 7146 18249 34382 162284 44554 12030 7387 6723 5171 3155 3916 2907 2218 3224 4596 4597 4640 3345 3102 8340 12132 6713 817 781 796 874 1071 1071 1071 642 481 481 481 481 481 479
0 0 0 0 0 0 0 0 0 0 0 0 0 0 0 0 0 0 0 0 0 0 0 0 0 0 0 0 0 0 0 0 0 0 0 0 0 0 0 0 0 0 0 34 1794 4977 11625 47938 49515 47888 46978 5680 3232 3582 5279 7283 7835 8108 17595 16713 12400 18339 23108 145024 155822 24017 7022 6662 6352 3215 3226 4365 4590 4590 4590 4602 4550 3103 3098 4341 7087 11575 8614 2083 1069 1069 1069 1069 1069 497 480 480 480 480 480 480
0 0 0 0 0 0 0 0 0 0 0 0 0 0 0 0 0 0 0 0 0 0 0 0 0 0 0 0 0 0 0 0 0 0 0 0 0 0 0 0 0 0 0 0 0 0 1405 12007 16668 15080 6945 4116 5162 5533 3889 6418 7824 9301 15950 11545 12124 8814 9661 15721 40642 17108 6814 6653 4428 3147 3476 4577 4584 4584 5811 5192 4595 3349 3094 3612 5140 6333 11886 8245 1068 1068 1068 1068 1068 493 480 480 480 480 480 480
0 0 0 0 0 0 0 0 0 0 0 0 0 0 0 0 0 0 0 0 0 0 0 0 0 0 0 0 0 0 0 0 0 0 0 0 0 0 0 0 0 0 0 0 0 0 0 502 5051 9122 7985 5526 5526 5267 3131 3065 6552 8234 4624 1081 1777 3608 3739 11238 10434 7341 7091 6644 4600 3143 12938 6946 4578 6039 11371 5746 4624 4531 3438 3090 3766 5186 8860 12334 8793 1649 1066 1066 849 516 479 479 479 480 502 591
0 0 0 0 0 0 0 0 0 0 0 0 0 0 0 0 0 0 0 0 0 0 0 0 0 0 0 0 0 0 0 0 0 0 0 0 0 0 0 0 0 0 0 0 0 0 0 0 0 137 12637 9181 5414 3164 3310 2101 3100 7539 1858 2294 3389 3604 3604 8688 12282 11427 10076 12163 6155 10961 77978 427669 26569 15502 8222 4685 4618 4618 4642 3230 3086 3713 28110 13065 13270 2526 1065 1065 1065 1036 719 762 848 854 898 898
0 0 0 0 0 0 0 0 0 0 0 0 0 0 0 0 0 0 0 0 0 0 0 0 0 0 0 0 0 0 0 0 0 0 0 0 0 0 0 0 0 0 0 0 0 0 0 0 0 0 9435 22886 5699 6947 13469 4187 12706 8277 2544 3599 3599 3365 2648 4485 6596 16501 16919 24621 18932 14930 50603 38089 61115 15817 4858 4628 4611 4629 4845 3687 3108 10262 102084 71855 81945 1019 950 936 918 902 897 897 897 897 897 897
0 0 0 0 0 0 0 0 0 0 0 0 0 0 0 0 0 0 0 0 0 0 0 0 0 0 0 0 0 0 0 0 0 0 0 0 0 0 0 0 0 0 0 0 0 0 0 0 0 0 0 2543 5015 16124 16791 16701 14927 550 1044 3540 3010 1239 1089 2265 4387 19060 19233 28094 28094 16593 17006 14417 13213 5522 5522 4968 4113 4694 4720 3787 3535 59618 112547 111865 89980 895 896 896 896 896 896 896 896 896 896 896
0 0 0 0 0 0 0 0 0 0 0 0 0 0 0 0 0 0 0 0 0 0 0 0 0 0 0 0 0 0 0 0 0 0 0 0 0 0 0 0 0 0 0 0 0 0 0 0 0 0 0 0 1519 12268 16768 16768 21060 3506 366 694 843 842 842 1121 2349 2339 5253 17452 21382 11365 9568 8100 7658 6325 5259 3775 3713 4009 4574 3774 3782 38740 74265 26857 810 813 827 842 856 871 885 894 895 895 895 895
0 0 0 0 0 0 0 0 0 0 0 0 0 0 0 0 0 0 0 0 0 0 0 0 0 0 0 0 0 0 0 0 0 0 0 0 0 0 0 0 0 0 0 0 0 0 0 0 0 0 0 0 0 22 11633 26997 29205 7897 365 449 841 841 758 1053 1811 1761 1487 18940 12964 23685 23844 9469 7700 14904 11956 3707 3719 3707 3686 3684 3743 2542 809 809 809 809 809 809 809 809 809 814 828 840 853 867
0 0 0 0 0 0 0 0 0 0 0 0 0 0 0 0 0 0 0 0 0 0 0 0 0 0 0 0 0 0 0 0 0 0 0 0 0 0 0 0 0 0 0 0 0 0 0 0 0 0 0 0 0 0 10083 29278 25124 6265 316 368 680 696 590 572 1680 1550 1388 3330 8020 13817 25376 11713 10942 20196 31599 11263 5072 4602 4289 3665 3665 1771 807 807 807 807 807 807 807 807 807 807 807 807 807 807
0 0 0 0 0 0 0 0 0 0 0 0 0 0 0 0 0 0 0 0 0 0 0 0 0 0 0 0 0 0 0 0 0 0 0 0 0 0 0 0 0 0 0 0 0 0 0 0 0 0 0 0 0 0 4883 10384 297 164 234 276 537 645 595 577 954 1121 1121 567 3145 4485 5869 11228 11228 11685 32065 26005 6123 5195 5327 3963 3659 2982 806 806 806 806 806 806 806 806 806 806 806 806 806 806
0 0 0 0 0 0 0 0 0 0 0 0 0 0 0 0 0 0 0 0 0 0 0 0 0 0 0 0 0 0 0 0 0 0 0 0 0 0 0 0 0 0 0 0 0 0 0 0 0 0 0 0 0 0 26 138 155 257 295 343 420 604 505 279 732 923 903 742 3246 5715 6876 14971 20764 17611 29158 24820 11863 5473 6353 5296 1944 1503 805 805 805 805 805 805 805 805 805 805 805 805 805 805
0 0 0 0 0 0 0 0 0 0 0 0 0 0 0 0 0 0 0 0 0 0 0 0 0 0 0 0 0 0 0 0 0 0 0 0 0 0 0 0 0 0 0 0 0 0 0 0 0 0 0 0 0 0 5 121 143 286 274 196 279 343 276 6 288 838 845 879 3686 3162 9295 28465 28538 21871 14859 13841 10345 6482 7379 7302 1220 804 804 804 804 804 804 804 804 804 804 804 787 666 473 264
0 0 0 0 0 0 0 0 0 0 0 0 0 0 0 0 0 0 0 0 0 0 0 0 0 0 0 0 0 0 0 0 0 0 0 0 0 0 0 0 0 0 0 0 0 0 0 0 0 0 0 0 0 0 0 97 129 164 130 129 177 439 555 501 742 823 720 710 1515 2228 2228 11428 22013 12364 12869 8917 7403 5668 6681 6328 1357 815 803 803 803 803 803 803 773 389 263 132 20 5 5 5
0 0 0 0 0 0 0 0 0 0 0 0 0 0 0 0 0 0 0 0 0 0 0 0 0 0 0 0 0 0 0 0 0 0 0 0 0 0 0 0 0 0 0 0 0 0 0 0 0 0 0 0 0 0 0 725 128 128 136 183 173 286 611 271 191 369 8 495 1709 2225 2225 2225 3034 7813 7947 7715 7049 5772 5445 4715 2570 826 801 801 801 801 801 801 530 5 5 5 5 5 5 5
0 0 0 0 0 0 0 0 0 0 0 0 0 0 0 0 0 0 0 0 0 0 0 0 0 0 0 0 0 0 0 0 0 0 0 0 0 0 0 0 0 0 0 0 0 0 0 0 0 0 0 0 0 0 0 18803 15345 336 376 283 188 502 593 116 9 0 0 329 1930 2221 2221 2317 2549 4338 5275 6308 6308 6015 5403 4368 2900 844 800 800 800 800 800 787 174 6 5 5 5 5 5 5
0 0 0 0 0 0 0 0 0 0 0 0 0 0 0 0 0 0 0 0 0 0 0 0 0 0 0 0 0 0 0 0 0 0 0 0 0 0 0 0 0 0 0 0 0 0 0 0 0 0 0 0 0 0 0 16499 3026 366 256 233 178 515 531 52 261 61 0 31 1658 2218 2218 2698 3114 3114 4424 6298 6298 6107 4878 4333 3192 887 851 813 816 813 815 391 16 16 14 12 9 6 5 5
0 0 0 0 0 0 0 0 0 0 0 0 0 0 0 0 0 0 0 0 0 0 0 0 0 0 0 0 0 0 0 0 0 0 0 0 0 0 0 0 0 0 0 0 0 0 0 0 0 0 0 0 0 0 0 24811 376 360 182 191 177 239 499 352 318 374 100 295 876 2475 2677 2999 3109 3109 4211 6287 6107 4959 3685 4245 3144 995 995 995 995 995 942 25 16 16 16 16 16 16 14 11
0 0 0 0 0 0 0 0 0 0 0 0 0 0 0 0 0 0 0 0 0 0 0 0 0 0 0 0 0 0 0 0 0 0 0 0 0 0 0 0 0 0 0 0 0 0 0 0 0 0 0 0 0 0 0 20344 3446 375 375 325 177 199 361 386 360 391 382 394 394 2214 3846 3897 3123 3104 3519 4931 3465 3391 3200 3704 2293 993 994 1000 999 1017 955 16 16 16 16 16 16 16 16 16
0 0 0 0 0 0 0 0 0 0 0 0 0 0 0 0 0 0 0 0 0 0 0 0 0 0 0 0 0 0 0 0 0 0 0 0 0 0 0 0 0 0 0 0 0 0 0 0 0 0 0 0 0 0 0 16265 9976 272 374 335 409 3766 625 385 394 368 341 391 394 816 4675 4977 4732 3960 3207 5008 4824 5180 4081 2493 2641 2788 2875 2881 2877 2882 2494 16 16 16 16 16 16 16 16 16
0 0 0 0 0 0 0 0 0 0 0 0 0 0 0 0 0 0 0 0 0 0 0 0 0 0 0 0 0 0 0 0 0 0 0 0 0 0 0 0 0 0 0 0 0 0 0 0 0 0 0 0 0 0 0 7982 10696 316 384 646 3038 6007 272 224 378 393 356 352 391 388 2187 4969 4969 4969 3712 5321 6731 38214 16411 2415 2483 2750 2877 2877 2877 2877 1559 15 15 15 15 15 15 15 15 15
0 0 0 0 0 0 0 0 0 0 0 0 0 0 0 0 0 0 0 0 0 0 0 0 0 0 0 0 0 0 0 0 0 0 0 0 0 0 0 0 0 0 0 0 0 0 0 0 0 0 0 0 0 0 0 2002 2986 681 680 742 2644 5376 1607 136 192 333 391 360 331 197 1091 4960 4960 5309 5288 4607 10801 42580 9600 2411 2770 2872 2872 2872 2872 2872 583 44 36 16 15 15 15 15 15 15
