function K=loadKukulka


%see Wb_final.csv for tables 13 sea state line, 6 size columns TODO

K(1).k = [  1.000	1.000	1.000	1.000	1.000	1.000
            1.000	1.000	1.000	1.000	1.000	1.000
            0.997	1.000	1.000	1.000	1.000	1.000
            0.616	0.790	0.954	0.973	0.995	0.999
            0.314	0.460	0.703	0.759	0.880	0.946
            0.113	0.177	0.320	0.363	0.490	0.603
            0.063	0.100	0.188	0.216	0.305	0.394
            0.029	0.047	0.091	0.106	0.154	0.205
            0.017	0.028	0.054	0.063	0.092	0.124
            0.010	0.017	0.032	0.038	0.056	0.076
            0.006	0.010	0.019	0.022	0.033	0.045
            0.004	0.006	0.012	0.014	0.021	0.028
            0.002	0.003	0.006	0.007	0.010	0.013 ];
            
K(2).k = [  1.000	1.000	1.000	1.000	1.000	1.000
            1.000	1.000	1.000	1.000	1.000	1.000
            0.879	0.926	1.000	1.000	1.000	1.000
            0.290	0.345	0.793	0.912	0.975	0.996
            0.127	0.154	0.463	0.617	0.766	0.891
            0.042	0.052	0.179	0.262	0.369	0.505
            0.023	0.028	0.101	0.152	0.220	0.317
            0.011	0.013	0.048	0.073	0.108	0.160
            0.006	0.008	0.028	0.043	0.064	0.096
            0.004	0.004	0.017	0.026	0.038	0.058
            0.002	0.003	0.010	0.015	0.022	0.034
            0.001	0.002	0.006	0.009	0.014	0.022
            0.001	0.001	0.003	0.004	0.007	0.010 ];
    
K(3).k =  ones(13,6); % no data yet for pellets

K(4).k =  ones(13,6); % no data yet for foam
    